Tata_Consultancy_Services Technology 847 537441 10.52 30.09 50.11 120 27.13 19.86 0.88 2.38 12.08 19.74 29.16 8.18 13.19 49.57 1321 2124 14596 2152 2.97 3101 2300 56.08 12.84 20.95 14.46 true 
Reliance_Industries Industrial 139 347564 23.81 -0.40 26.85 100 30.92 16.26 1.83 2.23 8.67 5.40 24.58 12.01 16.79 48.32 2223 4484 10581 4764 2.87 2527 1909 62.06 10.11 13.04 16.94 true 
HDFC_Bank Consumer_Goods 134 793439 -0.34 9.19 51.21 120 12.89 8.59 1.75 1.68 9.52 17.58 9.91 8.18 10.82 34.72 3160 1102 44397 7272 4.58 2052 2354 55.45 44.06 27.69 5.73 true 
Infosys Energy 82 492068 -5.69 18.78 14.15 109 38.15 1.21 0.87 2.25 9.93 22.27 13.81 9.72 16.12 46.60 3327 4786 13946 2350 4.03 3931 593 63.19 10.14 19.87 14.43 true 
ICICI_Bank Energy 319 827431 13.08 49.87 4.86 112 23.04 16.07 2.48 1.30 13.52 19.98 15.10 10.86 8.05 38.04 2568 1397 38542 9772 4.59 4882 705 52.16 31.58 38.63 41.74 true 
Hindustan_Unilever Industrial 805 894415 0.28 34.43 20.54 119 35.76 18.18 1.76 1.82 1.18 23.25 26.11 6.19 12.86 31.30 4500 4469 15776 4099 0.80 4149 981 48.30 31.08 49.08 26.39 true 
SBI Materials 722 764656 11.82 17.93 30.07 98 31.23 10.63 2.74 1.30 11.74 7.68 24.05 10.67 10.87 45.26 2230 1911 34741 5497 3.78 1391 1429 78.83 19.52 7.98 39.01 false 
Bharti_Airtel Utilities 266 401975 23.47 32.85 0.28 95 27.09 11.96 0.59 1.94 2.19 20.57 20.04 7.50 7.77 45.32 2128 3266 25109 5897 3.25 2898 2289 34.69 48.90 23.19 42.26 false 
Wipro Healthcare 193 868250 -7.54 19.92 43.68 111 34.84 8.68 1.82 2.39 10.21 22.99 6.61 11.07 7.18 43.42 3676 3097 49096 8031 3.78 3891 586 54.00 8.46 42.87 33.79 false 
Adani_Enterprises Consumer_Goods 751 19050 3.22 12.93 6.49 115 38.16 11.06 0.05 0.58 14.57 24.79 15.82 8.62 7.30 10.50 4899 3988 49818 3040 1.40 2143 1377 65.28 12.53 37.08 45.24 false 
Larsen_&_Toubro Materials 912 187597 16.28 11.37 57.71 89 26.01 1.36 0.94 2.81 6.66 17.86 14.81 9.51 9.79 25.71 1818 3925 48666 4357 0.56 4073 2622 77.81 12.81 7.42 11.08 true 
HDFC Technology 403 155982 24.73 0.88 25.33 93 23.35 8.46 2.71 0.98 5.51 23.93 22.33 8.53 12.88 26.18 4567 2573 23318 8009 3.53 4877 2966 41.46 14.70 16.70 39.96 false 
Kotak_Mahindra_Bank Telecom 459 260107 16.60 49.59 29.27 103 12.80 14.76 2.02 1.58 14.52 9.47 17.98 6.12 9.73 36.58 4441 1341 43092 4810 4.96 1896 1845 79.29 24.47 37.68 26.84 false 
Asian_Paints Consumer_Goods 211 91676 22.14 -1.47 16.05 82 35.29 2.50 0.06 1.40 7.60 20.99 6.89 5.52 12.91 34.25 4718 3394 33349 9920 3.04 3041 847 23.96 21.36 43.08 41.46 true 
ITC Real_Estate 63 568424 -0.13 29.41 8.77 111 12.81 13.47 0.96 1.53 2.62 23.43 18.71 6.80 17.66 30.43 4206 1636 49721 6855 3.12 4475 2663 32.92 36.97 15.05 9.66 false 
Bajaj_Finance Telecom 496 309080 6.75 8.79 45.18 98 30.88 9.88 0.20 1.28 7.33 11.34 15.18 10.46 10.39 28.92 2149 4536 43021 4143 4.17 2604 1532 57.75 21.13 24.85 47.02 true 
NTPC Utilities 952 884035 4.14 32.73 52.46 114 30.93 14.27 1.73 2.65 8.30 7.85 25.53 9.38 13.27 31.66 1994 2007 14898 8116 0.55 1255 2115 41.53 8.33 34.47 47.96 true 
Axis_Bank Materials 680 905127 15.99 31.85 36.97 112 27.57 2.67 0.34 2.42 12.69 5.49 9.50 8.06 7.06 38.60 3340 3061 11971 8264 0.81 1789 2277 66.15 15.42 35.78 8.36 true 
Maruti_Suzuki Finance 515 79721 -7.38 32.60 23.05 96 18.51 7.36 2.26 0.72 7.79 9.85 18.83 8.44 10.51 47.92 3901 2369 18647 4965 3.17 3845 746 51.21 34.49 26.52 25.39 false 
Sun_Pharmaceutical Utilities 620 643560 10.73 5.56 32.03 93 39.77 17.16 1.35 1.38 6.83 22.85 28.51 14.84 17.70 27.81 3226 4127 32227 7409 4.40 3879 1052 60.36 21.35 11.15 6.92 false 
Nestle_India Telecom 604 914014 28.38 40.29 0.37 94 37.54 19.51 2.28 2.17 3.11 11.21 24.40 7.15 10.10 16.74 4681 4515 23923 4523 4.28 1984 2901 46.00 27.22 26.17 36.92 false 
HCL_Technologies Real_Estate 514 124461 4.06 44.08 1.86 88 30.62 16.09 2.74 2.62 2.62 20.50 27.73 8.97 13.07 39.95 1662 3734 43929 9858 3.79 4774 1306 76.80 33.65 5.94 22.20 true 
Adani_Green_Energy Telecom 298 842686 -1.08 42.72 54.02 97 30.99 17.23 1.62 1.78 4.16 12.27 26.51 13.18 9.93 30.34 1280 4271 30090 7015 1.27 4771 856 28.98 15.03 9.82 33.61 true 
Mahindra_&_Mahindra Energy 56 201151 12.77 41.91 3.48 95 36.91 17.97 1.30 2.50 8.13 23.27 18.07 6.12 18.47 25.63 2478 1783 26999 3520 3.55 4025 2025 37.53 29.02 48.67 18.96 false 
Power_Grid_Corporation Materials 95 183701 8.73 49.54 47.22 112 25.21 10.93 2.11 2.90 2.64 8.80 16.14 14.94 8.91 43.90 3983 2567 45353 2345 3.88 2406 1668 60.82 43.45 9.27 19.22 true 
UltraTech_Cement Utilities 286 200843 8.87 19.78 56.62 99 28.89 4.42 1.71 0.96 1.72 19.49 15.13 8.07 15.56 45.06 4126 4401 22260 6084 1.96 2258 676 20.76 10.42 13.79 36.78 true 
Tech_Mahindra Energy 162 64626 15.57 37.23 22.57 88 32.25 18.30 2.76 0.84 7.00 17.38 24.02 9.69 10.48 26.24 1658 2461 24842 9123 3.11 2659 755 50.90 21.60 25.48 13.25 true 
Adani_Transmission Telecom 809 420102 23.25 40.13 7.75 103 22.26 14.33 2.23 0.69 7.07 9.71 10.24 9.59 15.18 47.70 4313 3391 47343 8251 4.45 3111 916 31.58 30.76 15.86 33.61 false 
Titan_Company Real_Estate 962 427095 21.67 -3.46 11.60 81 10.55 3.99 1.00 0.90 3.98 19.03 11.22 12.42 7.56 47.52 2983 4450 47064 8437 0.72 4531 1813 35.86 36.30 25.56 6.41 true 
Grasim_Industries Healthcare 330 761042 12.18 -2.73 23.01 85 32.10 11.25 1.80 1.31 13.29 11.52 19.78 6.80 19.01 42.35 2516 3704 13780 9058 2.84 2416 734 71.37 34.38 10.93 7.70 false 
Dr._Reddy's_Laboratories Telecom 546 113500 24.86 38.23 55.85 89 10.50 2.60 0.23 2.84 4.80 14.36 17.07 6.27 10.55 13.65 4602 3998 27817 9554 1.02 3025 1397 32.19 20.22 28.28 27.10 false 
Coal_India Real_Estate 574 142530 12.19 -0.35 57.67 93 31.61 6.17 2.85 1.22 14.18 7.54 23.54 11.13 8.01 18.10 3209 4352 38553 9085 0.93 4569 1748 66.66 42.55 47.07 7.15 true 
Tata_Motors Technology 820 771493 15.38 47.51 14.73 87 19.99 12.55 0.87 2.56 10.45 8.81 6.56 11.57 18.80 24.93 4227 1418 22734 4663 4.27 1336 2425 23.32 40.27 13.69 37.99 false 
Divi's_Laboratories Materials 129 84756 15.76 36.84 2.87 93 31.05 12.19 1.95 1.42 12.62 15.47 15.11 5.51 10.37 32.71 2554 3885 49560 8932 1.05 4559 2785 39.81 37.35 10.95 36.62 false 
Bharat_Petroleum Finance 176 588769 20.31 -0.96 30.48 118 24.04 18.07 0.50 0.75 1.53 12.08 29.39 12.53 13.18 17.16 1747 3128 33843 9187 1.56 1107 1036 44.59 30.70 11.81 18.66 false 
IndusInd_Bank Industrial 958 980433 0.26 20.43 30.12 115 11.00 17.76 0.10 2.56 5.04 11.65 11.51 11.91 13.96 45.22 4643 1567 28042 9874 4.46 2211 2747 74.97 33.30 21.08 26.28 true 
Apollo_Hospitals Real_Estate 902 784632 3.22 38.11 7.17 117 24.76 10.15 1.34 0.91 13.62 21.77 24.48 8.25 9.59 27.98 3324 4180 45282 5096 2.47 3949 882 46.60 12.94 23.94 38.97 false 
Hero_MotoCorp Healthcare 660 488484 28.58 12.66 27.48 80 31.79 16.79 2.95 2.45 13.80 22.33 23.75 12.99 16.94 42.10 4022 4782 18703 4795 3.07 2138 608 48.52 48.63 30.03 44.35 false 
Tata_Steel Telecom 445 878779 17.40 24.44 45.39 110 35.83 2.51 2.76 2.17 1.20 16.38 19.80 5.10 7.61 23.40 3681 2912 21617 8985 1.63 3495 2312 66.64 21.50 20.83 29.39 true 
Cipla Healthcare 434 684486 25.42 4.21 43.75 115 19.74 5.71 1.44 1.04 5.63 16.42 7.56 9.04 11.92 28.94 3420 2381 17637 8644 3.04 3257 1427 73.97 17.55 23.33 30.54 true 
Adani_Ports Healthcare 440 228001 17.44 10.73 41.49 112 16.81 9.46 0.87 2.18 4.04 9.48 7.29 7.59 9.02 28.14 4603 1860 27118 7791 2.11 1365 1061 25.98 45.06 17.60 11.04 false 
Shree_Cement Consumer_Goods 205 228830 -1.03 41.53 20.84 109 13.15 8.82 2.78 2.08 11.01 9.70 27.32 7.26 15.19 22.76 4803 1721 48282 1658 3.06 2908 1111 36.31 41.98 31.36 32.10 true 
Hindalco_Industries Telecom 314 247338 -3.52 34.72 38.59 99 13.41 12.34 2.76 2.61 5.21 9.63 25.55 6.78 16.57 47.68 1130 1663 20680 9501 1.16 1250 1832 64.70 46.71 49.04 21.49 false 
JSW_Steel Technology 167 80605 -4.88 7.76 49.61 101 25.23 3.29 1.57 0.63 12.61 18.56 27.11 13.70 17.54 19.80 3256 3923 37958 8971 4.72 1061 2395 41.92 16.68 11.34 27.60 false 
Eicher_Motors Healthcare 462 62960 -8.81 49.99 39.65 100 13.63 4.32 0.76 2.27 7.91 17.83 18.70 8.19 18.09 29.28 3278 2940 25860 6937 0.93 2559 1673 24.25 46.19 28.82 9.16 true 
Oil_&_Natural_Gas Finance 380 119485 20.54 43.68 41.56 83 18.47 3.84 2.86 2.20 3.79 18.89 6.05 13.57 5.96 12.30 1289 3512 22267 2554 0.63 2289 2238 79.52 31.72 41.73 20.85 true 
Britannia_Industries Healthcare 386 817979 5.44 22.30 38.82 115 29.88 10.29 1.10 2.85 3.46 8.57 8.66 14.75 14.73 32.64 2513 4436 11872 5200 1.63 4551 2896 37.58 8.93 8.09 45.13 true 
Pidilite_Industries Industrial 378 796355 7.00 16.65 44.04 87 17.57 16.20 2.76 3.00 5.52 23.73 10.20 9.98 17.42 17.18 4762 2441 42005 9109 2.28 1065 799 75.22 16.17 43.54 21.53 false 
Havells_India Industrial 214 895941 4.42 30.78 35.84 84 34.28 4.82 0.67 0.62 10.18 5.08 23.01 7.76 10.88 41.70 3890 3794 25510 1376 3.63 3359 2423 54.06 21.32 12.25 47.23 false 
Bajaj_Auto Healthcare 739 32789 11.97 -0.16 29.82 96 12.70 8.01 1.42 2.78 9.15 13.40 16.27 6.01 12.27 31.68 3751 3063 35025 6240 2.89 3275 2755 74.41 40.55 39.43 39.48 true 
Zee_Entertainment Energy 282 76390 13.03 2.52 1.83 93 14.61 4.54 1.55 1.67 11.53 23.39 15.69 6.33 5.84 36.69 1551 1698 44407 2694 1.36 2109 1810 65.41 21.85 28.09 9.86 true 
Godrej_Consumer Technology 495 979248 17.05 47.42 48.52 97 15.68 8.35 1.23 1.27 10.76 6.65 21.56 13.59 7.68 39.60 4336 3652 31804 7302 0.94 4052 1431 62.83 17.75 15.00 20.65 false 
Dabur_India Energy 514 836967 7.99 20.91 1.33 85 10.62 3.25 0.90 0.99 2.82 21.85 27.09 11.56 15.78 35.16 3460 3311 49830 5973 4.65 2679 2859 25.94 45.00 10.36 15.53 true 
Muthoot_Finance Consumer_Goods 771 331349 -5.31 44.97 10.64 99 24.55 9.95 1.84 1.65 13.49 9.05 24.99 11.64 11.95 23.17 3825 2074 45441 2514 1.83 4106 1287 67.41 11.61 21.93 21.19 false 
Biocon Technology 943 19360 -7.63 48.33 59.22 89 37.93 19.93 0.12 1.92 10.19 18.56 27.93 5.90 5.19 30.58 1294 2270 18264 8905 4.93 1988 2967 63.36 37.07 5.12 15.58 false 
InterGlobe_Aviation Materials 518 242346 22.30 2.07 40.27 97 32.96 4.58 2.10 2.88 3.76 20.18 13.21 5.65 12.46 32.74 3188 2094 14389 2788 3.90 3854 2830 68.11 46.37 21.06 21.64 false 
Adani_Power Consumer_Goods 599 706432 3.37 21.01 13.63 95 23.34 16.79 1.45 1.67 11.40 18.00 19.32 10.64 8.22 26.66 1958 4214 34972 8720 2.28 1838 2357 37.04 6.36 10.73 5.14 false 
Hindustan_Zinc Technology 551 536549 -6.11 44.20 20.66 86 17.39 10.82 2.83 2.67 1.82 8.87 13.23 12.13 14.46 37.41 1535 3591 42646 7860 2.60 4942 1766 76.84 33.85 14.21 34.94 true 
Vedanta Telecom 413 400695 13.06 13.64 33.46 112 23.75 17.38 2.75 1.95 12.87 12.24 28.53 6.78 18.37 26.39 4629 4205 18505 5797 0.89 2436 2544 69.95 43.26 31.26 20.66 true 
Bharat_Electronics Materials 194 405786 21.73 36.31 37.92 118 33.06 12.47 2.41 1.99 6.16 6.94 10.39 10.22 11.38 24.21 1115 4014 46534 7092 3.81 4999 1571 49.41 28.63 22.49 32.76 false 
Indian_Oil Real_Estate 460 921155 7.89 -2.86 39.11 89 29.05 15.88 2.71 0.70 7.76 5.45 14.86 11.48 18.16 47.85 3610 2070 27953 4762 4.38 1707 1382 42.07 17.72 41.14 25.29 false 
NMDC Real_Estate 158 748014 -8.46 22.30 42.00 91 38.22 4.13 2.18 2.32 10.92 14.87 28.59 8.73 8.44 20.70 3326 1707 33320 3196 1.41 1363 2221 29.66 46.08 46.47 30.62 false 
GAIL Utilities 58 716806 -6.19 -0.05 32.87 110 25.14 15.90 0.76 2.40 7.26 10.43 19.83 6.61 17.51 15.61 1624 3020 36069 5496 2.53 4349 2547 23.51 16.49 22.50 29.90 false 
SRF Materials 496 80101 13.33 20.18 9.17 120 16.13 16.96 1.31 1.30 3.32 8.90 25.78 10.58 18.92 17.91 2728 2244 39696 8935 1.73 2824 2325 63.66 20.43 14.67 33.51 true 
Bandhan_Bank Real_Estate 918 151314 13.78 18.08 20.07 106 15.39 17.62 0.76 2.37 14.59 8.59 26.33 5.96 12.60 45.08 3712 3241 35714 3812 4.60 3968 2700 73.60 27.26 15.02 44.73 true 
IDFC_First_Bank Materials 86 804484 13.15 41.58 44.44 92 27.11 1.13 1.74 0.86 12.70 21.32 12.11 10.67 12.74 17.06 4254 4101 17057 6293 3.14 2530 1149 44.32 13.00 20.06 38.31 false 
Canara_Bank Finance 485 921478 7.00 -0.25 21.03 109 28.51 11.16 2.04 1.15 11.82 21.67 14.40 10.80 13.82 31.51 4047 3492 23884 9083 4.39 2055 539 51.08 48.30 48.82 40.58 true 
Bank_of_Baroda Consumer_Goods 350 386003 3.76 6.99 55.15 115 29.26 1.62 0.65 1.14 3.26 18.23 11.71 11.09 9.43 32.49 4127 1205 41627 6699 1.65 3842 1016 44.58 37.92 24.03 27.93 true 
Punjab_National_Bank Healthcare 699 43860 8.68 40.50 49.32 84 23.57 5.08 0.03 2.00 3.33 23.48 15.24 8.85 15.87 16.08 3351 1814 40614 5905 2.68 3310 1423 41.86 24.31 16.78 13.71 true 
Federal_Bank Energy 309 919611 17.70 43.84 43.10 116 32.74 7.77 2.59 1.93 4.13 9.70 14.80 7.36 12.37 42.54 3436 1974 46367 6078 2.07 1127 2835 39.21 28.99 17.78 31.09 false 
L&T_Finance Consumer_Goods 403 63006 16.34 3.49 28.11 118 12.87 13.84 1.33 1.64 7.86 14.69 9.32 9.09 15.71 32.71 1586 2585 45768 2102 1.98 3925 947 69.25 41.65 33.18 6.12 true 
Ashok_Leyland Healthcare 93 464044 8.21 28.93 2.61 117 30.02 7.48 0.89 0.81 1.71 7.28 6.54 12.41 6.46 45.13 3773 1604 40300 5006 0.62 2975 2519 34.06 20.25 10.51 10.43 false 
Tata_Power Real_Estate 994 772952 24.77 -2.87 32.89 108 12.32 1.64 2.25 1.10 11.92 23.08 20.46 10.77 14.04 17.65 2278 3515 49851 8931 0.93 2624 2303 77.64 39.52 27.61 45.49 true 
Exide_Industries Real_Estate 508 429736 22.22 2.62 34.05 81 25.20 14.02 0.65 1.49 2.04 7.03 13.49 14.30 9.79 16.32 4751 3228 17198 4782 1.62 4754 1546 32.58 25.52 44.64 39.63 true 
HDFC_AMC Healthcare 340 324191 1.57 48.22 1.78 104 28.10 16.99 1.01 1.89 7.30 6.93 11.99 14.79 14.21 19.26 3344 2673 20056 2776 4.00 1946 2021 23.31 12.90 15.20 40.82 true 
AU_Small_Finance Industrial 686 890399 27.53 -2.73 48.95 105 14.36 8.79 2.30 1.65 13.74 17.90 11.87 10.53 5.20 23.89 1534 1403 33660 6520 2.45 3233 1259 47.03 24.56 14.79 14.19 true 
Page_Industries Technology 979 522211 2.43 36.23 7.38 103 18.23 13.85 1.04 1.90 2.24 9.95 10.18 11.80 15.09 12.09 1942 3097 18485 2122 0.71 3328 873 53.47 49.82 33.05 9.88 true 
Voltas Materials 702 761114 3.29 19.49 24.23 112 37.81 18.77 2.26 0.83 1.92 19.03 22.18 13.19 17.26 26.04 1776 1034 23982 8220 1.63 2356 1924 59.76 38.03 9.64 27.10 true 
Petronet_LNG Consumer_Goods 657 914760 -3.22 35.99 29.59 95 15.52 11.48 0.47 1.35 13.61 15.28 29.47 14.44 13.89 28.02 4650 1950 19875 4402 1.26 1172 1551 56.75 42.10 45.67 17.68 true 
Blue_Star Consumer_Goods 896 471080 27.47 31.64 29.49 115 11.82 15.84 1.84 2.57 5.02 21.47 6.68 10.16 14.04 12.46 1343 1371 15879 4259 1.22 3614 2132 51.37 12.08 32.98 23.15 true 
CRISIL Energy 828 782543 -5.69 2.12 23.36 108 17.03 2.19 1.99 1.53 14.65 6.89 26.20 7.19 17.35 26.21 1804 4946 10155 7951 2.53 4865 2161 36.49 33.33 39.10 25.42 false 
Persistent_Systems Real_Estate 92 840037 11.53 6.83 43.34 102 30.51 8.40 1.81 1.40 2.11 16.25 16.64 9.18 17.89 43.06 1619 2599 33467 4295 0.89 2477 2109 48.58 44.77 33.03 21.75 false 
Mindtree Industrial 650 764375 21.05 30.04 32.29 115 13.91 16.24 1.53 2.77 3.89 21.77 16.42 11.13 5.80 15.28 4751 3036 42603 1738 2.98 3100 1050 29.00 10.34 47.10 9.43 true 
KPIT_Technologies Utilities 915 48834 20.15 39.26 3.23 106 33.71 12.06 0.35 2.09 12.77 7.61 7.48 12.03 13.20 46.57 2097 2523 16705 8802 0.92 2121 700 29.82 25.79 29.32 14.73 true 
Zydus_Wellness Technology 258 983295 6.62 48.31 37.83 111 20.74 17.30 2.54 2.95 7.36 12.57 17.53 12.90 17.15 34.99 4501 2244 26113 6522 1.74 3783 512 37.17 29.84 19.94 19.90 true 
Max_Healthcare Industrial 847 92336 -8.51 9.08 34.30 100 15.96 15.89 1.92 2.47 9.03 18.09 6.91 12.33 7.31 32.86 2276 2722 24404 7391 4.63 4190 968 64.04 21.51 36.82 34.87 false 
ICICI_Prudential Finance 546 907181 17.97 3.85 22.22 117 36.29 4.70 0.24 1.82 7.79 22.51 26.10 9.16 8.24 21.28 4768 3597 17313 8933 0.88 4552 580 22.14 6.91 8.63 22.94 false 
Reliance_Power Real_Estate 249 103016 18.58 40.38 21.06 87 18.09 11.42 2.79 0.68 5.99 18.71 29.01 6.63 11.41 48.21 4580 2612 43229 9212 1.44 1907 1853 42.15 40.02 29.27 38.27 true 
Suzlon_Energy Utilities 461 794432 -0.69 5.01 56.26 95 20.56 3.22 0.50 0.91 9.76 24.22 18.93 7.56 14.33 31.95 4668 4357 36341 9584 2.95 2243 562 56.22 26.14 45.15 7.82 false 
SpiceJet Technology 855 642438 23.49 32.31 28.36 92 33.69 1.31 0.83 2.20 3.15 21.91 19.83 9.87 6.33 12.17 2867 2537 17168 1668 3.20 2110 2069 57.34 49.40 5.53 40.61 true 
EID_Parry Energy 613 237796 13.43 24.82 8.55 100 35.39 1.01 0.73 2.55 5.03 19.24 20.76 8.33 15.81 10.10 4753 1553 34873 4340 3.48 1561 809 65.42 47.96 31.64 37.14 true 
Deepak_Nitrite Telecom 898 451236 25.57 26.04 30.76 99 30.73 6.42 1.43 2.44 11.66 7.80 26.24 7.35 12.63 18.53 4957 3737 21972 2481 3.92 2316 2384 75.39 9.60 25.83 47.23 false 
Adani_Wilmar Energy 169 940228 -8.85 7.16 29.72 120 21.99 16.29 1.34 2.27 12.80 12.88 11.23 7.91 8.06 15.57 1347 2253 42714 9462 0.55 3086 894 77.22 24.19 14.35 26.23 false 
Amber_Enterprises Healthcare 188 293120 7.95 35.11 28.44 109 10.48 11.29 0.38 2.29 13.83 14.03 29.37 14.24 15.36 49.76 4112 1649 21683 4566 1.48 4710 2252 35.11 25.34 45.31 16.07 false 
BEML Technology 488 733954 -4.12 32.32 37.81 101 18.36 1.26 0.99 2.95 4.56 6.49 5.27 6.29 11.22 17.50 3014 2589 20265 9510 2.01 4845 707 64.15 21.83 27.46 49.02 true 
Balaji_Amines Energy 243 44740 24.43 47.50 45.32 89 36.40 19.01 0.97 1.69 11.19 20.83 26.74 6.26 12.85 21.54 3831 4195 33525 7723 2.57 2927 544 57.71 5.87 47.81 33.01 false 
Lupin Healthcare 979 231036 20.40 29.46 30.84 104 11.95 14.25 1.57 1.60 7.36 23.43 21.15 12.64 5.23 22.94 2642 2181 47424 1999 4.01 1726 2708 65.14 35.79 13.81 23.89 true 
Torrent_Power Materials 439 893259 1.81 31.63 36.31 87 31.51 4.52 0.77 2.83 4.21 15.88 10.37 12.80 16.03 38.98 4920 1675 10183 1733 4.50 2556 1639 37.90 38.41 10.20 41.35 true 
